9
5 5
0 0 1 0 0
0 1 1 1 0
1 1 1 1 1
0 1 1 1 0
0 0 1 0 0
5 5
0 0 1 0 0
0 1 1 1 0
1 1 1 1 1
0 0 0 0 0
0 0 0 0 0
5 5
0 0 0 0 0
0 0 0 0 0
0 0 0 0 0
0 0 0 0 0
0 0 0 0 1
5 5
0 1 0 0 0
0 0 0 0 0
0 0 0 0 0
0 0 0 0 0
0 0 0 0 0
5 8
0 0 0 0 0 0 0 0
0 1 0 0 0 0 0 0
0 1 1 0 0 0 0 0
0 1 1 1 1 0 0 0
0 1 1 1 1 1 1 1
8 9
0 1 1 1 1 1 1 1 0
0 0 1 1 1 1 1 1 0
0 0 0 1 1 1 1 1 0
0 0 0 0 1 1 1 1 0
0 0 0 0 0 1 1 1 0
0 0 0 0 0 0 1 1 0
0 0 0 0 0 0 0 1 0
0 0 0 0 0 0 0 0 0
7 7
0 0 0 0 0 0 0
0 0 0 0 0 0 0
0 0 0 0 0 0 0
0 0 0 1 0 0 0
0 0 1 1 1 0 0
0 1 1 1 1 1 0
0 0 1 1 1 0 0
7 7
0 0 1 1 1 0 0
0 1 1 1 1 1 0
0 0 1 1 1 0 0
0 0 0 1 0 0 0
0 0 0 0 0 0 0
0 0 0 0 0 0 0
0 0 0 0 0 0 0
5 5
0 0 0 0 0
0 0 0 0 0
0 0 0 0 0
0 0 0 0 0
0 0 0 0 0